a = 4 + 4;

b = 30 - 2;

c = log(10);

