A = [
    1 2 3;
    5 6 7;
    4 5 6
    ];

B = zeros(4);
     % 0     0     0     0
     % 0     0     0     0
     % 0     0     0     0
     % 0     0     0     0

C = zeros(3, 4);
     % 0     0     0     0
     % 0     0     0     0
     % 0     0     0     0
